%YAML:1.0
---
cameraMatrix: !!opencv-matrix
   rows: 3
   cols: 3
   dt: d
   data: [ 3.3653753268250244e+02, 0., 7.8648310706841721e+02, 0.,
       3.3483120592273684e+02, 5.9344169001906948e+02, 0., 0., 1. ]
distCoeffs: !!opencv-matrix
   rows: 4
   cols: 1
   dt: d
   data: [ 9.9151573622450404e-02, -3.6377486279912392e-02,
       3.4318237455812539e-03, -7.8032068549697086e-04 ]
